,BONDS,VOO,SMH,IWF,QQQ,NFLX,TTD,EA,LYV,OMC,NXST,WMG,NVR,BKNG,TSLA,HD,DPZ,DECK,WSM,CVCO,ULTA,CHWY,AMZN,WING,CROX,SONO,MNST,KO,GPC,POST,CHD,COST,LLY,REGN,HCA,IDXX,WST,ABBV,HALO,MEDP,DXCM,MOH,GWW,URI,ODFL,LMT,ITW,PH,LII,CSL,POWL,NVDA,MSFT,ADBE,NOW,KLAC,MPWR,FTNT,MANH,TYL,PLTR,FICO,ADP,FI,EPAM,PANW,NTAP,APPF,CDNS,MSI,LSCC,ADSK,VST,AWR,WTS,CEG,NEE,ENPH,FSLR,SEDG
BONDS,1.3280788448417757e-05,2.1828302356726523e-20,-4.2486620339637044e-21,2.7652175065658295e-20,9.855189492591676e-21,-7.043796169684754e-20,1.840205460473429e-19,-8.41821821031584e-20,2.6279703892284896e-19,-7.458366750935925e-20,2.4618996191198065e-19,2.5854642026065625e-19,1.5629539450466346e-20,1.5072668424798338e-19,4.310641823415381e-19,-7.517402885044702e-20,-1.5850470009705357e-19,-4.281065341783439e-20,1.3281164722415415e-20,1.151043235119727e-19,2.175838702220334e-19,2.0084503046182344e-19,7.143005007892152e-20,2.87672340546443e-19,3.971244060830349e-19,3.555835215805025e-20,2.77215285178976e-19,6.760491981808723e-22,3.9612329024746397e-20,6.665018686309389e-20,-8.084749898805754e-20,-1.1059019490243104e-19,-1.22868279532898e-19,-1.3851400203865505e-20,-2.0741959843746416e-19,-1.042762877847913e-20,-6.962311567566925e-20,-1.393037459588567e-19,3.6108317692260826e-19,1.643422021966e-19,-1.2197409131649496e-19,1.3254689888848465e-20,-3.3603554022105203e-20,9.804780504708508e-20,1.4205244225070898e-19,-3.685751867442767e-20,1.8444340452005348e-19,1.1108051503597552e-19,3.43778403106972e-20,1.0713480934353397e-19,7.717109197824326e-19,-5.980164469403514e-20,-6.37651352366866e-20,-1.8437831143313626e-19,-2.7734713810895864e-20,-7.022072587302776e-20,2.1284630856461588e-19,5.496676856684938e-20,2.55283404462439e-19,-2.398442252427561e-19,4.056647442008614e-19,1.099550771977805e-19,-2.483082404088487e-21,3.766092624949897e-21,-1.6882062051137147e-19,-1.5731480211505627e-19,-2.5579346791951145e-19,3.179378991235326e-19,-1.0181649089378213e-20,-1.6470840074533721e-19,1.5748474896199838e-19,-7.910994571949463e-20,2.6943256363838324e-20,-3.3684704299753016e-20,1.9306377639949836e-19,1.0273435503271517e-19,-1.856116018785235e-20,-1.439953555509153e-19,-1.4922984134930987e-19,-3.288793143944136e-19
VOO,2.1828302356726523e-20,0.00013874549943229534,0.0002113707903300357,0.00015418463676101685,0.00015973370730110154,0.00017074631395578424,0.0002532517675913963,6.669550342805698e-05,0.00014202955341003533,0.00010431038114909037,0.00011679936854150519,0.00010621359750232575,0.0001111562399849344,0.0001380490004072002,0.0002559229170220517,0.00010726705024372548,9.072595901330708e-05,0.00016482128503072857,0.0001812118049705829,0.00015855013112426876,0.00011279369482337547,0.00021169738003444462,0.00019480622721023858,0.00016390912111914865,0.00020544312063090536,0.00018100294806628204,7.55053601712304e-05,3.9173465235006856e-05,8.872489691108688e-05,4.6039411513567835e-05,2.9928415831154844e-05,9.906468808702713e-05,7.581178739949513e-05,7.544413553689675e-05,9.022207350056664e-05,0.00015061715131374338,0.00011436476928918379,4.3636520203205355e-05,9.446948738161028e-05,0.00015143757728565294,0.0001436583793850182,4.933423679633738e-05,9.742255852858713e-05,0.00017571853862229764,0.00015503189242366085,3.01228445495477e-05,0.00010450140152233515,0.00015290710441375925,0.0001400020554695091,0.0001185869763835016,0.00014345845251051854,0.0002725614893971796,0.0001456975691596019,0.00016486585544961952,0.00019386821085681653,0.00021781608734524675,0.0002731173237040325,0.00016960716172270283,0.00016515043423681995,0.00013218987619657472,0.0002698501058846431,0.00014596492944117572,9.634436967482506e-05,0.0001046745416222618,0.0001824831165766304,0.00015521615337859006,0.00013941625518456828,0.0001301100557630123,0.00017626179327697163,9.684769176254704e-05,0.00025615682138257866,0.0001748953831695304,0.00016140009192769212,4.500594919405138e-05,0.00013193016575271406,0.0001512539629273815,7.331787435846027e-05,0.00018192636787348727,0.00013010558478824492,0.00021687087957246692
SMH,-4.2486620339637044e-21,0.0002113707903300357,0.0005259351693700632,0.0002812473674069744,0.0003019394056755785,0.0003090165229213017,0.0004690459831379513,0.00010598887069491778,0.00023554384572294668,0.0001637884293976695,0.00017323651925079997,0.0001764869637440081,0.00016738550304372702,0.00024429188613807334,0.0004692121366539741,0.0001517783371264397,0.00013751910719384813,0.000301553126996442,0.0003227330190554196,0.0002546321436957831,0.00018149532065574165,0.0003490524415160572,0.0003331010293900035,0.00029495569900693297,0.0003641403074534269,0.00033722581306414826,9.102217209896192e-05,1.401891596981327e-05,0.00011510041472509516,3.084905541309301e-05,6.811736424369047e-07,0.0001502328809460884,0.00010320951217784973,0.00010142886321837167,0.00011431938616200142,0.00025214011103557855,0.0001713287930616263,3.1612189892482315e-05,0.00013486181498254294,0.00023161910818050155,0.0002419547385860996,1.6259131537379728e-05,0.0001328803984458293,0.0003079511596863827,0.0002567900578608485,4.9739667238649585e-06,0.00015022038529330557,0.0002610769954008745,0.00023884709227436348,0.00019210910146089978,0.0003200308638739109,0.0006736212974929951,0.000253272014141529,0.0002920818013034916,0.0003488642783193264,0.0005398454643449362,0.0006636375058063721,0.00028117525557793343,0.00028545727280012486,0.00021514231925906158,0.0005139062287356438,0.00024765035650848276,0.00012410260876084532,0.00014101331353608417,0.0003244496453191362,0.0002743433084840853,0.00028511484608219573,0.0002164646909520807,0.0003821580190076793,0.0001446552047815976,0.0005931343463578488,0.00031012462505260896,0.0003448895640884038,1.3029653311822724e-05,0.0002102724854634317,0.0003031567460821405,7.338462531507526e-05,0.00034197736560453827,0.00027219692995127153,0.0004125406168303241
IWF,2.7652175065658295e-20,0.00015418463676101685,0.0002812473674069744,0.00021497645731476198,0.0002092525765829165,0.00023524786523570693,0.0003451559257664363,7.672782979891822e-05,0.0001788368801715882,0.00011435701958404911,0.00012780157057726036,0.00013308366888784262,0.00012856491754395134,0.00017196329568783695,0.0003476435375737357,0.0001225251317474809,0.00010759352064071488,0.00021190576868198167,0.0002226611186590802,0.00018596950159685497,0.00013820596061052054,0.0002793934959426717,0.00026299202465609117,0.0002162813404422371,0.0002541337011023254,0.00023273945014298114,8.650663157228828e-05,3.377152125433743e-05,9.236855077341973e-05,4.147971923897496e-05,2.29433802948439e-05,0.0001227591852547287,9.035320034986356e-05,8.024487870527991e-05,9.383082877301797e-05,0.0001834512357852898,0.00013748808353420907,3.5686160237804264e-05,0.00010497327713213649,0.000179032703277932,0.00018174942162730174,4.444877437423906e-05,0.00010788718542232495,0.000202026716217003,0.00018178164490985642,2.0430746632695356e-05,0.00011176625980800854,0.00017608585061427458,0.00016549762509566698,0.00013467961968585974,0.00017795317802435506,0.0003818670798182699,0.00019669999953612666,0.00021697512131066478,0.0002624798357374893,0.0002858801113507411,0.0003636815227331835,0.0002202963194361275,0.00021330447085641933,0.00016978612075876497,0.00036943983198498253,0.00018521752622382813,0.00010832358563894209,0.00011853278463964352,0.00022680595687432108,0.00021067205198413395,0.00017299816729058752,0.00016761289616448152,0.00023734400305743688,0.00011373976628795742,0.00033047271552312193,0.00022504694755796318,0.00020708145743471995,3.648781848801773e-05,0.00014984725440384073,0.00019318722732101942,7.256872208503726e-05,0.00022264317667982264,0.0001670199006106154,0.0002585102429400845
QQQ,9.855189492591676e-21,0.00015973370730110154,0.0003019394056755785,0.0002092525765829165,0.00023469698861036374,0.0002532439941106224,0.0003619815620885704,8.304113911253858e-05,0.0001860694785245614,0.00012051535349442302,0.00013460911044557797,0.00013935284287166548,0.00013274488338378993,0.00017903419400514112,0.0003691574820008279,0.00012476367550667041,0.00011062301175960985,0.00021545603475698678,0.0002294927439680056,0.00019269140994998898,0.0001405287179616753,0.00029262247551172264,0.00027552176424169313,0.00022209975953862862,0.0002622026713482036,0.00024082726785959436,9.111232184022764e-05,3.36273751669908e-05,9.474136625855837e-05,4.040978328023079e-05,2.3074757189066082e-05,0.00012823896384490702,8.326063356366834e-05,8.271834025233796e-05,9.560735541326243e-05,0.00019221388627429158,0.00014158211731347712,3.300127005886841e-05,0.00010612566678254363,0.00018721463918350224,0.00019081882801529545,4.210699368450577e-05,0.00011026483944371165,0.0002075104073961195,0.00019034616179991733,1.877147840575586e-05,0.00011575426986375382,0.0001797636516141826,0.0001712735194896536,0.00013546507851963616,0.00018455083571204925,0.00040252181747838444,0.00020508507844968496,0.000230131974876726,0.00027054497101053695,0.000308697309023689,0.00038963147136084227,0.0002269503758579423,0.00022032440436202166,0.0001774831863224232,0.0003859662191789509,0.000190226765600585,0.00011279053380984763,0.00012276200696315615,0.0002378565728221694,0.00021866093825594318,0.00018157617093194194,0.00017086879009985684,0.0002500399840541787,0.00011562102335049472,0.0003577135613274422,0.00023632843575531356,0.00020649517442689045,3.65914973606898e-05,0.00015497224751506272,0.00019482129142398423,7.517708467757053e-05,0.00024039759117890764,0.00017736199286747258,0.0002802279267357442
NFLX,-7.043796169684754e-20,0.00017074631395578424,0.0003090165229213017,0.00023524786523570693,0.0002532439941106224,0.0009190610367860619,0.00047779470556342753,9.899129719051051e-05,0.0002435322215478653,9.528502879419695e-05,0.00013403525268609098,0.00020381819795945127,0.00012322962984679558,0.00021226635089876088,0.00041081709971700647,0.00011534893473719901,0.00014079975890362442,0.0002318712557697967,0.0002549251712767995,0.00020079318456060074,0.00014282322004428898,0.0004572064137687937,0.0003397635158899303,0.0002862214442926983,0.00033251434501035336,0.000275645406414839,8.482991290592704e-05,3.0675695765069426e-05,4.0612740494487834e-05,2.2467658175482333e-05,2.1197462316301802e-05,0.0001429571569282209,8.64578609278027e-05,5.534530190029361e-05,7.895047465655367e-05,0.00021345141442538016,0.00013936370775688697,2.0120459718226432e-05,0.00010845002470009788,0.00020896234400969902,0.00024611164843778657,2.097114352404488e-05,8.263974791011576e-05,0.00021780818487313736,0.00017653031284808543,1.4955376171293433e-05,9.906597808904377e-05,0.00016827920122034894,0.00017262362519402036,0.00010530338363562058,0.00016777536040727732,0.0004496344114452024,0.00021659984501593084,0.00027651281635683773,0.0003652523333530247,0.00029936603538447185,0.0003831445037199478,0.0002854189499959754,0.00025357495355024404,0.00023672042320273403,0.0005369780170384416,0.00020880347956003675,0.00011574364058798853,0.00015035863150797136,0.00027550989888661955,0.00026360032759303664,0.000177814527105659,0.00021947352904816878,0.00025996928983173037,0.00012040236806683792,0.000364665651213574,0.0002912687015405289,0.0001594069661665983,2.0572112637780022e-05,0.00012560200787932674,0.00018165484900829385,7.449215833036084e-05,0.00032093308562029544,0.0001887420542270815,0.0003040650764949008
TTD,1.840205460473429e-19,0.0002532517675913963,0.0004690459831379513,0.0003451559257664363,0.0003619815620885704,0.00047779470556342753,0.0019071962190860695,0.00014121919063723532,0.0003623780058995131,0.0002480097480480977,0.0003040353849832644,0.0002802370741290954,0.00026184400967341236,0.0003482129431236389,0.0006509997729491456,0.00022697304290939557,0.00021214217285681818,0.0004203166923360175,0.00048580394388967864,0.000401006226605072,0.00030524441029186725,0.0006855643890352197,0.0005116556450870805,0.0004642724794690896,0.0004983624892787414,0.0005298286614004124,0.00011226726189914278,3.186484116275175e-05,0.00015433284211733604,6.644013860623257e-07,2.357900633072213e-05,0.0001927287015328459,0.00011597565889113185,0.0001061777620247533,0.00013816075766695909,0.00035575212008770213,0.00045318594790168655,1.7100710411941102e-05,0.00020055031385550606,0.00036385840721020777,0.00038274664997735026,8.624315856997018e-05,0.0001580371255741416,0.0003708581883374191,0.00033366360685085683,1.1878057687149901e-05,0.0001892638916847753,0.0003007281614645603,0.00031749529766259227,0.00022953381511020148,0.00025113114455689275,0.0006221234870431866,0.00031445796266404063,0.00040001944210272335,0.0005461889907228026,0.0004920672211434733,0.0006721653484510133,0.00044746654413731175,0.0004075813706398655,0.00035256430791780327,0.0007959767492906224,0.0003704057107792318,0.000187948989146183,0.00019413561609771962,0.0004927081382509287,0.0004242241513460533,0.00029315507486674667,0.00040536299709492126,0.00041881252392607685,0.00016028300103798195,0.000623570807805117,0.00045728816172469736,0.00028177199253135376,4.537255664466007e-05,0.000262713815916541,0.00029454025700817454,0.0001160304395667374,0.0005077650682027162,0.0003758423187581883,0.0005565319147529385
EA,-8.41821821031584e-20,6.669550342805698e-05,0.00010598887069491778,7.672782979891822e-05,8.304113911253858e-05,9.899129719051051e-05,0.00014121919063723532,0.00026586911999300643,8.299160397692142e-05,6.661304459560312e-05,7.330914741874866e-05,6.712628800743137e-05,6.791426126626843e-05,6.906856534987984e-05,0.00011409832953206286,5.9545487626536955e-05,5.27425391567357e-05,6.066579043375125e-05,8.034839746243727e-05,9.039451798078763e-05,5.315578567281323e-05,0.00010757390617661313,8.565018875961088e-05,7.286795260121394e-05,0.0001094431690669694,8.953018306102096e-05,6.424528972882653e-05,3.7172294167587874e-05,5.3108343051592504e-05,2.688747519517474e-05,3.1232107805836315e-05,5.178379123685834e-05,3.844761390983725e-05,5.257813685169529e-05,4.4328000000486156e-05,0.00010279290651059764,8.037552034126933e-05,3.740636685412784e-05,6.001516682899822e-05,0.00010572359393857369,6.471618336688665e-05,4.6441600839823944e-05,4.554769511627313e-05,6.866409213658263e-05,6.543464419326925e-05,2.5322121954297805e-05,6.682727137638647e-05,7.675331485096678e-05,6.211825528319967e-05,5.2911423454011075e-05,5.0188594970120095e-05,0.00011949289173208527,7.608402635537051e-05,0.0001066806734293216,0.0001013764979923045,0.00011786386335639386,0.00012692781082895938,9.967294381050018e-05,6.874205145394058e-05,8.294933820548843e-05,0.00013634385580100323,8.244519139835902e-05,6.658010753944411e-05,7.550583610105046e-05,6.929251276464167e-05,9.323983777827067e-05,6.897783938558465e-05,7.846677020310627e-05,8.592539827251473e-05,6.721178956894024e-05,0.00012734625077937307,0.00010541165207662018,4.806533384398698e-05,4.4536156050673545e-05,6.774960371772832e-05,5.7074005768723596e-05,5.939514769863061e-05,0.00012325798673295851,6.990216870123935e-05,0.00014400670839586442
LYV,2.6279703892284896e-19,0.00014202955341003533,0.00023554384572294668,0.0001788368801715882,0.0001860694785245614,0.0002435322215478653,0.0003623780058995131,8.299160397692142e-05,0.0004671758426857911,0.00014759763063996366,0.00019702226787970034,0.00018359082354761673,0.00013710685645538552,0.00021830582266049598,0.00034514288232410196,0.0001252422662768208,0.00012032903114026396,0.00020213303168066602,0.00024487438175124597,0.00021840892714388395,0.00015804106841070897,0.00028493778633695467,0.0002314260475965098,0.00021803684612439503,0.00028302534044466227,0.00024840438982456003,9.786669051834696e-05,2.9359338938078885e-05,0.00011339263607521079,4.948690106363544e-05,1.3495354598702227e-05,0.00010490666707685819,6.107280392475553e-05,7.022361492543339e-05,0.00010213849990491799,0.00019252036361182889,0.00011246420370864446,3.055814066563104e-05,0.0001284068913969304,0.0001782127681845833,0.00019856595422126138,7.187560804001023e-05,0.00010660344156183245,0.00022797163512202186,0.00017273300814256922,1.2657718715970641e-05,0.00011003854933459559,0.00018386591223003743,0.0001665813469532769,0.00015418657952799938,0.00017136626567438315,0.00031203630996747857,0.00015971790219677654,0.00020720342457119118,0.0002634001249176441,0.00024389894047148532,0.00030228482816413465,0.00023287439193622135,0.0002171851641812803,0.00018423166301636596,0.00035744393422492186,0.00019628946543777964,0.00011622604959087479,0.00013321810339747453,0.00024593318021825215,0.00020752390919159835,0.00015014365837597685,0.00018138108129976013,0.0002009295486347963,0.00010357459923348779,0.00032212143004825734,0.0002517380242760317,0.0001742614378749392,4.521120732637608e-05,0.00016390971746951994,0.00013296921469995942,5.4912008554925715e-05,0.00024403884457589313,0.00013104757013925874,0.00025686725949633656
OMC,-7.458366750935925e-20,0.00010431038114909037,0.0001637884293976695,0.00011435701958404911,0.00012051535349442302,9.528502879419695e-05,0.0002480097480480977,6.661304459560312e-05,0.00014759763063996366,0.0003178424110445443,0.00017387737876847903,0.00012813201205670813,0.0001339279140138894,0.00014876777802735528,0.0001812845647048937,0.00011554092195947942,8.641761744934336e-05,0.0001596763703969514,0.00018955070695946734,0.0001987157586715349,0.0001315360201508824,0.00018552684403458982,0.00013204556451993643,0.00013020186678064157,0.00023009643557619737,0.00016269793838034698,7.68480120370898e-05,3.7541175795919114e-05,0.00011954057855602677,6.211646830153946e-05,4.0051221711855126e-05,7.375742742127515e-05,4.8288413153579175e-05,7.0491883977242e-05,0.00010687340372570854,0.00013447282822495445,9.852024925905697e-05,5.6297942021874704e-05,0.00011018574958547831,0.00015834914048872012,0.00012859269701568084,6.150825849940822e-05,0.00010868480510325661,0.0002089356205787813,0.00017317597040643717,2.568192967495408e-05,0.0001291632720567068,0.00016749218387049995,0.00016088033368604816,0.0001419255527951767,0.00011956518704127271,0.00017254883199122826,9.22210293526674e-05,0.00013750150763811012,0.00014740800843566972,0.00018103403547699079,0.00023398213709132845,0.00013899252244637043,0.00015112210358805137,0.00012480298827563567,0.0001915235825932419,0.0001331539781570569,9.14833066225688e-05,9.600297880397649e-05,0.00018776235961472123,0.0001262646548911761,0.00013087516084430255,0.000126783082061083,0.00012179341854377446,8.183539943172307e-05,0.00024532698545602096,0.00015401335716589041,8.732015635320536e-05,5.700362037465599e-05,0.00014736328258767824,7.768723346497701e-05,6.706811072697509e-05,0.00019276693618826648,0.00012098186291489309,0.00023768739538167265
NXST,2.4618996191198065e-19,0.00011679936854150519,0.00017323651925079997,0.00012780157057726036,0.00013460911044557797,0.00013403525268609098,0.0003040353849832644,7.330914741874866e-05,0.00019702226787970034,0.00017387737876847903,0.0004850952241938589,0.0001331977896580145,0.00013950525830711309,0.00014718345832721478,0.00026403332192622726,0.00012075686199760727,9.97609570971594e-05,0.00016681789387534732,0.00022507694006981973,0.00022683054462299695,0.00012865220774803244,0.00024672381946911135,0.00015772086036526002,0.0001441503391437203,0.0002667532866499102,0.00021007223121896366,8.286998173825095e-05,3.858464425890649e-05,0.0001210207565021093,6.30757796038244e-05,2.415277200964017e-05,6.54311708453005e-05,1.7672124999403582e-05,8.263946724278871e-05,0.00010146663100332891,0.00015463697327437628,0.00011807881270003183,5.003451308108862e-05,0.00012099185393489963,0.00015276302064130178,0.00012874022973759366,8.506912533639782e-05,0.00010853860470112648,0.00022749731832384933,0.00019229043933435749,3.616530082639328e-05,0.00013586877988526486,0.00016648955166941596,0.00015938472347911477,0.00014981765885393157,0.00013312825053393715,0.00018520827501529056,9.787670970332781e-05,0.0001421022156257856,0.00014681686413496378,0.00017691443573055864,0.00024089658700207747,0.0001291304508764855,0.0001642551962505769,0.000137535422374141,0.00027342349905192735,0.0001342151578501516,0.0001026507738115459,0.00011476441283302139,0.00018812261713224544,0.00013016331302723072,0.00013171709339127364,0.00012762573372894747,0.0001412116791033175,6.499965577225713e-05,0.00027252751160831013,0.00018058021972758293,0.00010570660266571461,6.585547012852763e-05,0.00017672895760007478,8.795205774017714e-05,7.641513669420495e-05,0.00021788965453889802,0.00012035093322407855,0.0003206971321102661
WMG,2.5854642026065625e-19,0.00010621359750232575,0.0001764869637440081,0.00013308366888784262,0.00013935284287166548,0.00020381819795945127,0.0002802370741290954,6.712628800743137e-05,0.00018359082354761673,0.00012813201205670813,0.0001331977896580145,0.0004823487607972628,0.0001171542755473763,0.0001469036185921388,0.0002310615638059221,0.00010187576832044658,9.848443392909017e-05,0.00015234180529141947,0.00020073131888530388,0.00019255573655026163,0.00012368940470282912,0.000246524773669777,0.00016560356055074816,0.00017296213448979764,0.0002182041422026339,0.0001805913062937414,7.837936825046735e-05,3.626962056300275e-05,8.806200298339642e-05,5.261798290866635e-05,2.0222534306919635e-05,7.227732498158677e-05,5.591812123725888e-05,6.487799142723813e-05,8.119295927973155e-05,0.00015099957141750155,0.00012289474855951225,4.27322671039474e-05,0.00012477737142169498,0.00015917885948323418,0.00011422524048594763,2.4915206899054995e-05,8.00345512984129e-05,0.00015478387594735173,0.00013314632466416852,2.2191413576692704e-06,0.00010042063559286305,0.00013307591703553247,0.00012794514143043515,0.0001089467767684098,6.956773330099986e-05,0.0002303354459645352,0.00010686452765701408,0.00017362422664211004,0.0001851223422994781,0.00019174184853954233,0.00023499762873507697,0.0001752849500778462,0.00014832965274768497,0.00013818528986019488,0.0002686045335747776,0.000124444584899172,7.879575754285991e-05,9.973407432368075e-05,0.00023967129406075852,0.00015685787387450563,0.00011965690153895565,0.0001366216899118638,0.00013169023540046814,7.257219849436157e-05,0.0002507014495411671,0.00017777532107789439,7.454538455430385e-05,4.0589396683845474e-05,0.00011131172857438572,8.987413742273426e-05,4.893384006225614e-05,0.00021941236621544647,0.00012211606555687945,0.00024178225370320697
NVR,1.5629539450466346e-20,0.0001111562399849344,0.00016738550304372702,0.00012856491754395134,0.00013274488338378993,0.00012322962984679558,0.00026184400967341236,6.791426126626843e-05,0.00013710685645538552,0.0001339279140138894,0.00013950525830711309,0.0001171542755473763,0.0003206319485278801,0.0001224841644740329,0.00018818187150813076,0.00017977154835153156,0.00011254249505657373,0.00022129949875264335,0.00025574227857650083,0.00028964822653221696,0.00014365136080175562,0.00024385813104711813,0.00016467227919728016,0.00018495447404741724,0.00028326336707654355,0.00021902178651676013,9.812287737917709e-05,5.155165572006627e-05,0.00014877862857408215,6.72184141577594e-05,5.390218947147802e-05,9.417947227293595e-05,7.407299382964379e-05,8.12247278719544e-05,0.0001327570273041192,0.0001757053520214677,0.00014839048127327127,4.854774271589622e-05,0.00011327120201025472,0.00021046524913366757,0.00015710869378943642,8.453928783843535e-05,0.00011655258644736309,0.00020998208850276298,0.00020784258625494706,2.938694367370204e-05,0.00013463676482689663,0.00015595397622995648,0.00020602950629442142,0.00016757363964345343,0.00014702024810357914,0.0001962920593747752,0.00011157169797723573,0.00015611448899678718,0.00017924849143123977,0.00017979148336819316,0.0002524543380976934,0.0001287231714469338,0.0001785862530932384,0.00015021868947358977,0.00023143732182205593,0.0001698472451666988,9.301457029865649e-05,0.00010400853890938952,0.00018555588103612847,0.00012242089094680926,0.0001251500508092233,0.0001610504753454601,0.00014885416390399386,9.633042345775749e-05,0.0002465836307688604,0.0001877180115341732,8.028209960025708e-05,8.532094687516309e-05,0.00016807908883362553,6.359830167647842e-05,9.995497072947591e-05,0.0002499118027473936,0.00013813650688189127,0.00029215622730457687
BKNG,1.5072668424798338e-19,0.0001380490004072002,0.00024429188613807334,0.00017196329568783695,0.00017903419400514112,0.00021226635089876088,0.0003482129431236389,6.906856534987984e-05,0.00021830582266049598,0.00014876777802735528,0.00014718345832721478,0.0001469036185921388,0.0001224841644740329,0.00040342525243440596,0.00029929300398191875,0.0001127551666546747,0.00010943439056467845,0.00022668142986888607,0.00021425649035784788,0.00019747069405554222,0.00014213059672198486,0.00024482226854929625,0.00022655612988083698,0.00021166244915057556,0.0002812481225589236,0.00019832919350269332,8.921078930918139e-05,4.1587861712895416e-05,9.192199411509043e-05,6.274586720413306e-05,2.1090166269013606e-05,0.00010193986872176266,6.74901932967162e-05,5.801617084303725e-05,0.00010009061343239106,0.00015600135476104957,0.00012740915214834287,3.2250207445440875e-05,0.00010879378471930917,0.000168567382834953,0.00016300526102302264,4.252565200716754e-05,9.790521552559771e-05,0.00022390681715724777,0.00017349655407975133,-5.097112680914049e-07,0.0001153897749265512,0.00019030677289326876,0.0001603807061280741,0.0001465750170312537,0.00013813718390334411,0.0003146339665678312,0.00015068893177171085,0.0001828879942645063,0.0002263228861994819,0.00025554578314534776,0.00031561028574623773,0.00016614367973829904,0.00019192897898111613,0.0001463653339146018,0.0003429993447179727,0.00017805632490888767,0.00010035690298478976,0.00012654073299217568,0.00027273741241863673,0.00016608534250620437,0.00015522215418269946,0.00014774500410037677,0.00020235805818684784,0.00010027462506255014,0.00030563452850538604,0.0002158742024130126,0.00017544375633495537,2.4765554024078554e-05,0.00014593434015304114,0.00016506216565226076,5.0601491395590416e-05,0.00020027996841306226,0.00012999955019868617,0.00022396750917275286
TSLA,4.310641823415381e-19,0.0002559229170220517,0.0004692121366539741,0.0003476435375737357,0.0003691574820008279,0.00041081709971700647,0.0006509997729491456,0.00011409832953206286,0.00034514288232410196,0.0001812845647048937,0.00026403332192622726,0.0002310615638059221,0.00018818187150813076,0.00029929300398191875,0.0015236070924047908,0.00017659161999327927,0.00018219739279017174,0.0003697061982542276,0.0003556970173702115,0.0003209659475503872,0.00022273966189039022,0.0005719733969256568,0.0004219065467142482,0.00038190829834976647,0.00043741588735894877,0.0004469217826206252,0.00012773529466073236,2.0101245502715043e-05,0.00015847473248911694,5.643628895963996e-05,9.945419276940007e-06,0.00021164337160473737,9.678642515481263e-05,0.00010834896478579601,9.288945865875985e-05,0.00025508080305623043,0.00015825473257967258,1.0267148861067475e-05,0.00013796596099232208,0.00033476677028976086,0.0002941600526979852,9.189621650101796e-05,0.00015355842629175107,0.0003434820829600681,0.00028900388656929375,2.9165130509503686e-05,0.00017783451465200743,0.00030152984363111715,0.00025839356617547244,0.00023000929757490077,0.0003264729416567608,0.0006213872907239259,0.0002805588810049205,0.00030865834872487977,0.00041542728247659204,0.0004663186600835789,0.0006679891427069819,0.00035215333888465137,0.0003336516199241647,0.00029285514602447383,0.000806065352622839,0.00027552876946991696,0.00015487774114066323,0.00018997260601354062,0.0003737547433946258,0.00037121632011998136,0.00026239542394501924,0.0002791238625275991,0.0003714639967068703,0.00014981190287819188,0.0006219710690729328,0.00037699364164717745,0.00034228065251556527,5.102954716908597e-05,0.0002573226330152675,0.0003196056054349439,9.922937707143017e-05,0.000494057937946792,0.0003656382636792439,0.0005457911767283621
HD,-7.517402885044702e-20,0.00010726705024372548,0.0001517783371264397,0.0001225251317474809,0.00012476367550667041,0.00011534893473719901,0.00022697304290939557,5.9545487626536955e-05,0.0001252422662768208,0.00011554092195947942,0.00012075686199760727,0.00010187576832044658,0.00017977154835153156,0.0001127551666546747,0.00017659161999327927,0.00024414781739200223,0.00010571866495034318,0.0001740109188118418,0.0002445636005634321,0.00023573452875351537,0.000135175164684507,0.0002442356735203117,0.00015664119648218112,0.0001705759471545512,0.00023148943164448223,0.00019532353442607616,7.949152907039137e-05,5.283533457784767e-05,0.0001312641424923469,5.794376122220526e-05,5.5551905436633e-05,0.00010952690304661595,7.10012892668047e-05,7.875229826291119e-05,0.0001178936726319432,0.0001606091953552391,0.00012124127726280325,4.863252690402668e-05,9.313469745672691e-05,0.00016027096060088373,0.0001231661061899227,7.660039685502201e-05,0.00011335554017844324,0.00018501309700830318,0.00018458022829595777,2.92146138765943e-05,0.00012482190528578904,0.000149081986345444,0.00018392183578987928,0.00014393572515201947,0.00013377118808182066,0.00017317032070483408,0.00010498386684770829,0.00015221710652133438,0.0001610012195853143,0.00016737384837636526,0.00020605136797745968,0.0001277364674812796,0.00015072880807978422,0.00013592433495132888,0.0002179418994835236,0.0001480905216457496,9.625970641680907e-05,9.43427469914944e-05,0.00018734743849698173,0.00011118399428238625,0.0001250385797294056,0.0001456391204024581,0.0001309272790296589,9.119004386025606e-05,0.00020956728724515065,0.00016882158697813856,0.0001030939557368543,8.101013317201702e-05,0.00015143284331870066,0.00011197256191069522,9.481620698597095e-05,0.00021133816351567115,0.00011461488436055737,0.00024293223717132686
DPZ,-1.5850470009705357e-19,9.072595901330708e-05,0.00013751910719384813,0.00010759352064071488,0.00011062301175960985,0.00014079975890362442,0.00021214217285681818,5.27425391567357e-05,0.00012032903114026396,8.641761744934336e-05,9.97609570971594e-05,9.848443392909017e-05,0.00011254249505657373,0.00010943439056467845,0.00018219739279017174,0.00010571866495034318,0.0003692363874780726,0.0001425334438573941,0.00015368010211594721,0.00014918242139915687,0.00011306285732967747,0.00022130101475628804,0.00013225015099363336,0.00020520241784389423,0.00020810881491093906,0.0001454004802758643,8.29609833208693e-05,4.6680462836599925e-05,9.462135068031682e-05,5.250738375453138e-05,4.8409471122785895e-05,8.924561723818982e-05,6.646676487020009e-05,5.796543581354102e-05,8.775345818988641e-05,0.00014705964179213284,9.820393619017324e-05,5.353876066287936e-05,0.00010047130556954731,0.00016498177149956017,0.00016530011454534929,5.981061505212785e-05,7.552659119966349e-05,0.000152390348644336,0.0001208646576978156,2.67971732526915e-05,8.855321795532222e-05,0.00012007121039118814,0.00012636029194903597,0.00011313871016950437,0.00011353867880598329,0.00015884440483321513,9.288019431064352e-05,0.00011735711941766037,0.00014993645210939426,0.0001469833418679451,0.00020094838393491728,0.00012729974482070334,0.00014200168504766632,0.00010819673024502116,0.00021933496088713433,0.00013662877990106508,8.427027329875928e-05,8.443210688771364e-05,0.00016804574985894856,0.00011295045572982491,0.00010441256898069806,0.00012417069427680963,0.0001266236544970978,9.066755351748318e-05,0.00019775606919999217,0.00014771082392446604,0.00012566458229396375,5.423547778795141e-05,0.00011246565605432152,9.329777927187229e-05,5.810966923344681e-05,0.0001895845383133897,0.00011300673550619272,0.00019701126834984335
DECK,-4.281065341783439e-20,0.00016482128503072857,0.000301553126996442,0.00021190576868198167,0.00021545603475698678,0.0002318712557697967,0.0004203166923360175,6.066579043375125e-05,0.00020213303168066602,0.0001596763703969514,0.00016681789387534732,0.00015234180529141947,0.00022129949875264335,0.00022668142986888607,0.0003697061982542276,0.0001740109188118418,0.0001425334438573941,0.0008142811035593247,0.00034264046840150656,0.00026452012200372415,0.00021815614114364165,0.0003122177225875719,0.00029553378253857973,0.00029228994469524076,0.0005484549155365246,0.00033744336275023495,0.00010229873983210784,2.7688542564091457e-05,0.0001549545698053962,6.832676025696454e-05,1.0404298021874645e-05,0.0001334821071927369,0.00010257654006948013,0.00010051421937676638,0.00011175134095314554,0.0002187074590474221,0.00011706445967060715,1.0418123693568017e-05,0.00013327552705684183,0.00022608626444702793,0.00021310244455879422,6.148165553288704e-05,0.00015448947735326713,0.0002739054299464777,0.00024858753758248437,-7.050733320657245e-06,0.00015436041191306066,0.0002270569939212953,0.00022345324493574346,0.00021770642565735422,0.00024343152121851633,0.0003773724009270061,0.00018117135373923424,0.00022793718457880246,0.000293517578476969,0.00031887707410461016,0.0004433922138676849,0.00023616892259005346,0.00026618927444749214,0.00019157396227424914,0.00038751571258939353,0.00021088225029428884,0.00010099945959364255,0.0001325177159544933,0.0002725110203570744,0.00023755295131878623,0.00022287444175500906,0.00023191163871317142,0.00026528083085657804,0.00012477664344680286,0.0004283905917326741,0.00024559093444363945,0.00024299185822596563,1.4411628563570191e-05,0.0001850780460033198,0.00021013296004597281,5.4545868810805926e-05,0.0002580644875144775,0.0001944033370058117,0.00026929885252673265
WSM,1.3281164722415415e-20,0.0001812118049705829,0.0003227330190554196,0.0002226611186590802,0.0002294927439680056,0.0002549251712767995,0.00048580394388967864,8.034839746243727e-05,0.00024487438175124597,0.00018955070695946734,0.00022507694006981973,0.00020073131888530388,0.00025574227857650083,0.00021425649035784788,0.0003556970173702115,0.0002445636005634321,0.00015368010211594721,0.00034264046840150656,0.0008564387407393246,0.0003609414625816493,0.00024775859802224386,0.0004280513255590662,0.0002978442356705243,0.0002843327164999116,0.00045665299667444647,0.0003937623300208099,0.00010107577082089952,4.212853024063124e-05,0.00016429771950798747,5.442730748167739e-05,3.489527112756551e-05,0.0001435922722306556,9.144377517427323e-05,0.0001227365326385939,0.00014754874365391306,0.00025708235792304206,0.00017833282904287822,6.062179179758129e-05,0.00016090082455708747,0.00029018605156896546,0.00019195563664661328,7.588088067106713e-05,0.0001616067246168861,0.0003230358968901246,0.00030566979404567346,6.211374486755835e-06,0.00018156026962715368,0.0002581337445383013,0.000297617504077026,0.0002342485406489374,0.00023756215577947377,0.00038142270034115206,0.00017575815211268565,0.00021376442114346604,0.0002654199743838447,0.00035151334301326354,0.00044734623291417037,0.0002264674597881516,0.0002578482112998375,0.00019590784271336867,0.00040427380158520644,0.00021314497310397066,0.00012162410941918323,0.00013964203572899866,0.0002997611676451704,0.0002109961313997161,0.00024382334938642542,0.00019372666580939833,0.0002582570917173914,0.00011708811018041987,0.0004409151550536202,0.0002808274080736209,0.00025835061947267115,5.679921655680938e-05,0.00024028939866947826,0.0002504689962575146,9.197724864620472e-05,0.0003771598093727882,0.00022516882414523552,0.0004505962499025436
CVCO,1.151043235119727e-19,0.00015855013112426876,0.0002546321436957831,0.00018596950159685497,0.00019269140994998898,0.00020079318456060074,0.000401006226605072,9.039451798078763e-05,0.00021840892714388395,0.0001987157586715349,0.00022683054462299695,0.00019255573655026163,0.00028964822653221696,0.00019747069405554222,0.0003209659475503872,0.00023573452875351537,0.00014918242139915687,0.00026452012200372415,0.0003609414625816493,0.0006454698728292072,0.00018934628733389259,0.00038887149949669867,0.000246619836504564,0.0002492896846971384,0.00040625633713422507,0.00031585012316998875,0.00010519099426242696,5.265915238907508e-05,0.00018340696079103888,8.636068349176285e-05,4.464712826131712e-05,0.00012427498142841636,6.392264638450715e-05,9.039253314558468e-05,0.00015413575158849748,0.0002625102870832854,0.00018547180599786417,5.372934993305626e-05,0.00017641655776483016,0.00027982790184511916,0.00018693034041652025,8.855736065201086e-05,0.0001508660891777043,0.00031379449823171386,0.00027401343543133073,2.8746024344793517e-05,0.0001787872678181091,0.00023484478943245704,0.0002686968028291019,0.00023179867410946973,0.0002525070442851939,0.0002900204847907281,0.00015106586202781188,0.00019932481042089876,0.00024512398016905256,0.0002797655187237099,0.00039255422316516596,0.0001837482915322088,0.00024459821659567185,0.00020940642809023197,0.00034796881248543325,0.00021633459407965043,0.00013290047494322253,0.00016737513691068745,0.00032254880290048587,0.0001837528090455543,0.00019753166656780906,0.00024263446893590227,0.00021352878085178774,0.00011281130448223846,0.00038855244382719176,0.00026955080660758966,0.00015035076752607817,0.00011051164983287044,0.00025525947393122773,0.00014458924628871575,0.00010875916101118077,0.0003727895683814388,0.0002082583780298598,0.00044201414456636855
ULTA,2.175838702220334e-19,0.00011279369482337547,0.00018149532065574165,0.00013820596061052054,0.0001405287179616753,0.00014282322004428898,0.00030524441029186725,5.315578567281323e-05,0.00015804106841070897,0.0001315360201508824,0.00012865220774803244,0.00012368940470282912,0.00014365136080175562,0.00014213059672198486,0.00022273966189039022,0.000135175164684507,0.00011306285732967747,0.00021815614114364165,0.00024775859802224386,0.00018934628733389259,0.0004693731403039254,0.00024618971740054057,0.00017693532266533407,0.00018953692868691082,0.00027702576874439315,0.00021987924273108306,9.306636873867799e-05,4.008846517868037e-05,0.00013359794450748394,5.527562991656422e-05,3.709010372427489e-05,0.00010293728442129128,7.158127801333014e-05,5.444899062722908e-05,9.326344906262528e-05,0.00016538644752454957,0.00016294050301972386,4.357380016136937e-05,0.00011408645090939476,0.00016462569028491427,0.00015260638977291306,5.885485454939848e-05,0.00010351192032539932,0.00019072354845113852,0.0001729036468294658,1.0959688190425981e-05,0.0001023763329797806,0.00014151709511702783,0.00014709486368367426,0.0001237775732911033,0.00012648176397792987,0.00022422311191778787,0.00011565402361711846,0.00015174538168976555,0.0001795858759395462,0.0001882545310287018,0.0002617538766556723,0.000147232420907109,0.0001759443306455607,0.00012713785041669107,0.0002545454877065771,0.00012167496149809322,8.55709073993576e-05,9.708555734629707e-05,0.00019170199795155607,0.00015961419470594406,0.00013066520998546036,0.00015956405982675513,0.00016096591841370864,8.755815018776413e-05,0.00027234292888523686,0.0001789462628225486,0.00011730139852653045,3.110694190654267e-05,0.00013781816778613218,0.00011610343855183825,7.181934493778376e-05,0.00023272961791647131,0.0001396387751237987,0.00031033323973367094
