,BONDS,VOO,SMH,IWF,QQQ,WMG,NXST,NFLX,CABO,TTD,EA,OMC,NYT,FOXA,CNK,LYV,NVR,BKNG,HRB,TSLA,HD,WSM,DPZ,CVCO,ULTA,CHWY,DECK,LULU,CL,GHC,KMB,CLX,LOPE,HCA,WAT,REGN,IDXX,COR,WST,HALO,MEDP,CHE,ABBV,LLY,VRSK,URI,LII,POWL,GWW,WTS,ITW,WSO,PH,CSL,NVDA,DDOG,KLAC,PLTR,MANH,SNPS,MPWR,IDCC,SONO,AAPL,FTNT,APPF,MSI,ADP,LRCX,NTAP,VST,CEG,AWR
BONDS,1.1747119490043009e-05,-1.0513792222548074e-19,-1.7984395677713984e-19,-1.4635904552163344e-19,-1.4215742422997214e-19,-2.4495529440909326e-19,-2.1350087376666006e-20,-2.0463976354346476e-19,-4.96967934212311e-19,-6.486397760804839e-19,-1.4214099161937099e-21,-4.1410641737620796e-19,-7.700047690477673e-20,-8.19531854140004e-21,-4.253660333019119e-19,-3.667287659934853e-19,-1.557912231245375e-19,-4.0824331897487687e-19,1.4879991181210524e-20,-4.379427673030255e-19,-1.254795113164884e-19,-5.828030843904373e-20,4.325446974478339e-20,-2.0591178946200659e-19,-1.58492157589756e-19,-3.1982697896789633e-19,-4.0737844981567524e-19,-1.4358530427842159e-19,-1.4026887886718987e-19,-2.0120907590522804e-19,-7.888749470873044e-20,5.70336002191938e-21,-1.8922365785942065e-20,-4.1159320285516175e-20,3.953752137391098e-20,1.0542951403857326e-19,-2.6217852952197835e-19,6.112625895573617e-20,-4.134651079060842e-19,-2.844502700979345e-19,-2.0331587780054366e-19,-1.3002005787516152e-19,5.523918397206162e-22,-2.995722036649104e-20,1.7616564072197212e-20,-3.0850515711316205e-19,-1.9135494491595305e-19,-8.143181602369963e-19,-1.6918773049310037e-19,-2.23052303522308e-19,-1.8376001502294985e-19,-1.7516230232909884e-19,-3.7072102001656887e-19,-1.451293704422885e-19,-2.5487727074007786e-19,-6.136250795442969e-19,-2.228016524211871e-19,-2.853474486506998e-19,-2.1213456125730754e-19,-2.687409030478727e-19,-2.2160932707512107e-19,-3.419725944052807e-20,-8.063673252866193e-20,-8.522890969916477e-20,-2.0238623466405313e-19,-2.961847909641651e-19,-2.9221013475833953e-20,-5.201324303993599e-20,-7.720998791300306e-20,8.253613333343532e-20,1.2778114783777984e-19,-1.8875554242332355e-19,4.4632832348178575e-20
VOO,-1.0513792222548074e-19,0.00013727747831767222,0.00021139375405139553,0.00015425502103112696,0.00015978567414138634,0.00010674551658712579,0.00011707356580513405,0.00017125946966564957,0.00010073176287745458,0.0002537394525699119,6.685516826859052e-05,0.00010463695308173499,9.579274600545703e-05,9.264669190861145e-05,0.00010920172865031004,0.00014233458242368695,0.00011164955779591631,0.00013802586212137,6.919842700818003e-05,0.00025624463064571196,0.0001075042724031542,0.00018133418514150739,9.11092977888793e-05,0.00015898057299708953,0.00011302538860986489,0.00021255999667042715,0.00016603645427517427,0.00016539490808292485,3.1784223148664754e-05,0.00010051408081878308,3.07292920777552e-05,4.327312859624602e-05,7.493547054698538e-05,8.976104655571714e-05,0.00012553840522877644,7.541970824994696e-05,0.00015078881555964963,3.2609325073807884e-05,0.0001152754836593126,9.482513006911451e-05,0.0001518388513467419,5.064814618834644e-05,4.374900089616223e-05,7.594029307510107e-05,7.757057540993547e-05,0.00017628865135869542,0.00014014580051165316,0.00014298990763093883,9.748520291341336e-05,0.00013230713327485512,0.00010499853579667473,0.00012573811176200305,0.00015315304916208535,0.00011884699240043687,0.0002726682020084001,0.00022448430916760422,0.00021781399643847668,0.0002699981146580036,0.00016590551148308884,0.00018067460635159702,0.0002733525780700887,0.00011634870818846905,0.00018121145987587674,0.00015676942117559165,0.00016994772098199838,0.0001301691558678861,9.703659337713081e-05,9.658753458053946e-05,0.00023287085055267586,0.00013973943733326004,0.00016149979794726106,0.00015105964861162195,4.515056020524629e-05
SMH,-1.7984395677713984e-19,0.00021139375405139553,0.0005245814837429392,0.0002813006079192504,0.0003019716309594239,0.00017751914208358367,0.00017366451943372406,0.00031000816396637305,0.00011145015045526358,0.00046998447518199575,0.0001062514307186349,0.00016437566828044414,0.00014231516891782662,0.00013556584009690486,0.0001951287861215152,0.00023605636195946902,0.0001683160687031027,0.0002441419094699026,8.002213474250619e-05,0.00046978709282298145,0.00015211750815561818,0.0003228682048484022,0.0001382284909508224,0.0002553755481722392,0.00018188083598845984,0.0003506925166931214,0.0003041838623415234,0.0002753273400751859,-2.47070426789517e-06,0.00014237801645100999,4.9755890043418606e-06,1.9511195350009572e-05,0.00011396490410055872,0.00011318730169128938,0.00019770959462524587,0.00010125649315074383,0.00025236461357544966,1.1400190099894132e-05,0.00017312215490049583,0.0001354862993417602,0.0002322646923560131,4.5069379346617925e-05,3.172425136323331e-05,0.00010335748487494825,8.472294155770029e-05,0.00030901974447577893,0.00023903353800893023,0.0003190276838607883,0.0001328595458920299,0.00021092280423649763,0.00015116709257197584,0.00020796422289885063,0.00026146145001774653,0.00019253472260283237,0.0006740428261288358,0.0004257029911490406,0.0005399999676235663,0.0005140908454386025,0.0002869073091670498,0.00039648952558229636,0.0006643232009495576,0.00020470873373225207,0.0003375741681665025,0.0002519200745803134,0.0002817254120397497,0.00021645955323503069,0.00014494461616061102,0.00012445135855691195,0.0005780656879187927,0.00028578867600552075,0.0003450601860371608,0.00030265965953257595,1.3166400290115574e-05
IWF,-1.4635904552163344e-19,0.00015425502103112696,0.0002813006079192504,0.00021353800869061581,0.0002093263331812201,0.0001337496385087087,0.000128101300295685,0.00023591195228258829,0.00010809211996898899,0.0003457256466137885,7.691747264260642e-05,0.00011470494649152859,0.00011588925371007213,0.00010235329739732484,0.0001349459187220113,0.0001792136049803354,0.00012911321054867017,0.00017191663803982043,6.944771296838668e-05,0.00034799398629436297,0.0001228086975672471,0.0002227850047022432,0.00010804559795224113,0.00018648272522553964,0.0001384571139822805,0.0002804807611903815,0.00021315211667839604,0.00020814692392843347,2.232592018259105e-05,0.00010930156358778896,2.261887216370047e-05,3.839917241491198e-05,8.48414520345207e-05,9.316911300887473e-05,0.0001389712146436507,8.01715730479882e-05,0.0001836454871840219,2.530300003265034e-05,0.00013862215474282487,0.00010538186606684754,0.00017955400602411703,4.9695422827247e-05,3.578545054966253e-05,9.051018680616659e-05,8.836146513182309e-05,0.00020272234972104272,0.0001656432330403337,0.00017741925658423344,0.0001079275526998735,0.00015029852099916017,0.00011227202758896921,0.0001482160018138626,0.00017636808937857468,0.0001349804230094902,0.00038207706004094404,0.0003164084398791468,0.00028589452453944386,0.0003696878354236448,0.00021431478948046105,0.00024216950709713604,0.0003639872665502879,0.00014352564891973363,0.00023299758123284991,0.00020120923295846455,0.00022075413837876798,0.00016769952125499167,0.00011392581562847687,0.00010860128668781722,0.0003049019882907987,0.00017337924080921744,0.00020730427380321204,0.00019303124706433573,3.6622734726012035e-05
QQQ,-1.4215742422997214e-19,0.00015978567414138634,0.0003019716309594239,0.0002093263331812201,0.00023322033923506142,0.00014008192357075637,0.0001349293460275855,0.000253978106134198,0.00011695186077223661,0.00036261136464336654,8.324583187941764e-05,0.00012090217923678511,0.00012008598804120091,0.00010630573831058981,0.0001441652302592071,0.00018646484195018788,0.00013335865410861873,0.0001789570174343423,7.112849112780687e-05,0.00036955308085995226,0.00012505027266642262,0.0002295961560167886,0.00011111742324830347,0.00019323424689814315,0.00014079418583627318,0.00029381238440939907,0.00021694064578627902,0.00021640027626661248,2.1165836396055528e-05,0.00011187229805911865,2.3305092848321636e-05,3.8119172155420154e-05,8.922602998926703e-05,9.485876208927528e-05,0.0001422829275955768,8.262483833487075e-05,0.00019240646250557504,2.3859932760126712e-05,0.000142830595112306,0.00010656481260728779,0.0001877534794496468,5.071416459657786e-05,3.3098857993490654e-05,8.339594504403516e-05,9.097767032971745e-05,0.00020824374531408968,0.0001714113879548216,0.00018388921328045353,0.00011028999795690266,0.0001554467168747706,0.0001163373909831979,0.00015499678745470595,0.00018003952003689213,0.00013576817727139483,0.0004027031143139364,0.0003317050689956238,0.00030868911752625247,0.00038618291141703765,0.0002213989643757629,0.0002584692021183303,0.0003899482280960849,0.00014991330129674157,0.00024107989581597413,0.00021041434007496496,0.00022741483019675344,0.0001709266600435076,0.00011581963327096773,0.00011308446724807621,0.0003306093871991981,0.0001819866999239872,0.0002066506076173646,0.00019456119669439249,3.673595296604636e-05
WMG,-2.4495529440909326e-19,0.00010674551658712579,0.00017751914208358367,0.0001337496385087087,0.00014008192357075637,0.0004812931198996134,0.00013341817366349152,0.0002039345026234583,0.00016015275118932967,0.0002806527218717315,6.724460272225048e-05,0.00012815904712747586,0.00012510657082914005,0.00011336138383783944,0.00014817153030498761,0.00018394693704427452,0.00011685975782176771,0.00014768460138153567,8.986404558681571e-05,0.0002316327815343155,0.0001020966428824073,0.00020152289260184998,9.833768426584789e-05,0.00019280073879931944,0.00012387773112135022,0.0002463009096319571,0.0001505412021125188,0.0001569383457103881,2.5382813084868e-05,8.559211693547083e-05,2.642526121018804e-05,2.864431285551027e-05,7.074884423184678e-05,8.231931283211839e-05,0.00011345732524740816,6.528151281174836e-05,0.00015152829096859444,2.2454539399153316e-05,0.00012206913480895584,0.00012475969338452376,0.0001594752045965721,4.812421231309189e-05,4.278322532491905e-05,5.609965070997691e-05,6.716593840237132e-05,0.00015482597560003618,0.00012842500246997097,7.110907960857985e-05,8.041393636841652e-05,0.00011140868359543385,9.99904055268728e-05,0.00011867266618245106,0.00013349291972065155,0.00010916615212401563,0.0002315568624110197,0.00022995593604360653,0.00019286838769742615,0.00026984300871222097,0.00014809623306679824,0.00014024576817249596,0.00023595828285549915,0.00010453326651546307,0.0001812112314207136,0.00013066512723329478,0.00017571366624032363,0.00013726436355343525,7.266326907655964e-05,7.889172541882345e-05,0.00020907045949005844,0.00011980762108311448,7.530454634554116e-05,9.109128478257145e-05,4.0581738834901344e-05
NXST,-2.1350087376666006e-20,0.00011707356580513405,0.00017366451943372406,0.000128101300295685,0.0001349293460275855,0.00013341817366349152,0.0004845385888276563,0.00013425125331337434,0.00019642404979442575,0.0003045312782838279,7.346516820485405e-05,0.0001741811770345946,0.00015179775660967965,0.00021697237120221654,0.00015711529310887323,0.0001974234919444084,0.00013967739762294485,0.00014752818286219315,9.359561359442036e-05,0.0002644644087693528,0.00012102450281243488,0.00022556692720625393,9.991027059151358e-05,0.00022728841870785674,0.0001288741121068648,0.00024712678360953275,0.00016657098889115473,0.00017249365010759855,2.3645751358636666e-05,0.00015828270035010952,3.164322381276855e-05,4.5581897755081276e-05,8.709797030983633e-05,0.00010173755577077725,0.0001459780076198533,8.282837643496037e-05,0.00015497418420115782,2.054921869674709e-05,0.0001182067225208609,0.00012120222825994757,0.000153128846185087,7.672713737348917e-05,5.013270504000652e-05,1.7723767187391644e-05,6.498792004242833e-05,0.00022796505186144925,0.00015972678458369603,0.00013363899272481557,0.00010878090505742743,0.00017709762530527062,0.0001359855831352565,0.00015301666120950678,0.000166862783451364,0.00015013560768750353,0.00018567198295702902,0.00020772259468193212,0.00017735728159503446,0.00027407161279838894,0.0001645982525525872,0.00017334237464155985,0.00024141415430256898,0.0001230413850446192,0.000210521816222939,0.0001405209846360558,0.00012942634130058906,0.00012793856774141402,6.508663757738629e-05,0.00010285685693165952,0.00020038484176136063,0.00013195684120132533,0.00010610486159852122,8.835267740843013e-05,6.597739660076492e-05
NFLX,-2.0463976354346476e-19,0.00017125946966564957,0.00031000816396637305,0.00023591195228258829,0.000253978106134198,0.0002039345026234583,0.00013425125331337434,0.0009190924930136829,0.00014121140494497818,0.00047808413475211706,9.920924469876917e-05,9.517325721112187e-05,0.00017063041879002912,0.00011929100838914575,0.0002211303201481758,0.00024398149055560793,0.00012286989279240018,0.0002129063087942547,5.6352019707821806e-05,0.00041106940211516735,0.00011566335895377714,0.00025556192205957427,0.00014078451637734065,0.00020112010937004755,0.00014288162779120314,0.0004575708442146088,0.00022931278541250515,0.0002674293597867527,1.1863278495280138e-05,9.87955644849341e-05,1.2992050679704345e-05,4.312496000134211e-05,9.868487951208261e-05,7.943470822139512e-05,9.883878731303367e-05,5.554762498801828e-05,0.0002139697926892099,2.7104141025455247e-05,0.000139025188936449,0.00010845211788254355,0.0002096261022442296,3.6763963521440815e-05,2.0127562355645658e-05,8.671398824841794e-05,0.00010858018876120593,0.00021820869994393632,0.00017303171491414433,0.0001693259144786089,8.28919613524457e-05,0.00012585088823500413,9.841455001739954e-05,0.00013834934630886845,0.00016875634922569312,0.00010554216815611016,0.00045097623269620336,0.00041390723644210394,0.00030037447714495057,0.0005384977991065649,0.00025408224948528913,0.00028291528365541324,0.00038402526532484865,0.0001451297807297894,0.0002762758058070895,0.0002175959579580713,0.00028614520892299443,0.00022016928025562284,0.00012040634502664689,0.00011593850937059417,0.00031367875998828684,0.00017800196497737145,0.0001606414563213523,0.00018314757925021126,2.053098085500465e-05
CABO,-4.96967934212311e-19,0.00010073176287745458,0.00011145015045526358,0.00010809211996898899,0.00011695186077223661,0.00016015275118932967,0.00019642404979442575,0.00014121140494497818,0.0011433619388056702,0.0002799195260234045,5.232650812705448e-05,0.0001437415529961275,0.00010821465815253092,0.00015709527038803667,0.00014032178355876028,0.00017353709723132938,0.00015057059771337637,0.00010279611133677136,8.262285170297388e-05,0.0002649998676859099,0.0001464006621457209,0.00019597609920913434,0.00011367435346146246,0.00021655160427217428,0.00012342699976324172,0.00023656582858615913,0.00011276766104864073,0.00016108252632042,5.5868421388532515e-05,0.00014314822372244268,6.334521526642374e-05,6.963331060935504e-05,8.294116895309455e-05,8.956881268596894e-05,0.00015363860511182246,9.17562313805176e-05,0.00017444242180040097,2.60355202930729e-05,0.00014973846452810504,0.00011298595482469792,0.00022367027547050587,8.927894082799737e-05,4.451956294834539e-05,2.615682070566978e-05,7.87362586055151e-05,0.00013618589481254384,0.00018617932272126404,0.0001265914651860787,8.253421255991205e-05,0.00013859245612674376,0.00012587992150614422,0.0001405332132756748,0.00012997110097473047,0.00011973679947159164,0.00011922697457732349,0.00021477073226211429,0.00011364859927785685,0.00020566311881004302,0.00017515021628453206,0.0001487682983882327,0.0001678093243733543,8.859508093731021e-05,0.00021197690784510696,0.00016816083313226274,0.0001605388752505668,0.00016449366129047674,0.00010973426958854152,9.337929861882215e-05,0.00012601746395029262,0.00011073977017504009,4.700659883730679e-05,2.86031728761357e-05,9.457631794528048e-05
TTD,-6.486397760804839e-19,0.0002537394525699119,0.00046998447518199575,0.0003457256466137885,0.00036261136464336654,0.0002806527218717315,0.0003045312782838279,0.00047808413475211706,0.0002799195260234045,0.0019070012213021415,0.00014161084930102206,0.00024775624299937693,0.00026410708942272977,0.00024353849522487544,0.00033143074773574687,0.00036294312543499763,0.00026099604054945604,0.0003486968142500619,0.0001604283787216424,0.000649582704931517,0.00022774104340627714,0.0004864146828903085,0.0002120714053595859,0.000401808115086978,0.0003050225627854464,0.0006861616681424939,0.0004130889781522695,0.0004511472900206355,-1.3469703348650456e-05,0.00017013453131562312,7.948750000454508e-06,2.591991986763013e-05,0.00013096446740299317,0.00013763306202561505,0.0002255668127041096,0.00010615924335263179,0.00035631698072407744,-1.67572342975967e-05,0.0004539188063768214,0.00020064864505808935,0.0003656637692555964,7.137696373062226e-05,1.7076867634325785e-05,0.00011639094125220392,0.00015302499043088043,0.0003720384132419968,0.00031787698911833355,0.0002535780347069405,0.00015822276710337135,0.00026351322892216426,0.0001874693050713306,0.0002933826733493589,0.0003015718428225355,0.00023011249356303114,0.0006234454326790884,0.0008221856706975715,0.000493069478459203,0.0007977844781913098,0.0004095686030321488,0.00048776702526775036,0.0006728408684116807,0.00025799199811084994,0.0005306140419983747,0.00031595553683660895,0.00044880850741321635,0.000406403754382015,0.00015970262761292225,0.0001882969472676926,0.0005220017125906691,0.0002932096095271865,0.0002848156457182304,0.0002975412806732405,4.532099431925413e-05
EA,-1.4214099161937099e-21,6.685516826859052e-05,0.0001062514307186349,7.691747264260642e-05,8.324583187941764e-05,6.724460272225048e-05,7.346516820485405e-05,9.920924469876917e-05,5.232650812705448e-05,0.00014161084930102206,0.00026486010783513195,6.676962768386505e-05,5.160356388016377e-05,6.018073559964989e-05,6.284916705673191e-05,8.31718755073235e-05,6.808128564629033e-05,6.925075684747194e-05,7.320501391619465e-05,0.000114454101715023,5.965924500727489e-05,8.055465879493473e-05,5.28531470258111e-05,9.057638269977575e-05,5.329765007350064e-05,0.00010779019726716465,6.0994558809806356e-05,7.485191251383234e-05,3.3146215280457094e-05,5.4012611044789945e-05,3.682170059455808e-05,2.673238864798608e-05,4.5819617730559274e-05,4.450934901993396e-05,6.606481936455199e-05,5.271369957682899e-05,0.00010302813797333624,4.223854699800085e-05,8.048968403459117e-05,6.0137819541022e-05,0.00010590159850777122,3.122381924645848e-05,3.748501203520501e-05,3.8525144099939705e-05,6.026687420913458e-05,6.8775458251242e-05,6.227222922175113e-05,5.029809135727431e-05,4.5661255495853866e-05,6.787375318804825e-05,6.701787315201715e-05,6.492644452296486e-05,7.691378483401352e-05,5.301794753874814e-05,0.0001197857504106506,0.00010523946609395294,0.00011815424714571715,0.000136663522286096,6.880924221677441e-05,8.595243639010475e-05,0.0001272504440069065,7.907397252465093e-05,8.974527825310117e-05,7.540631590805552e-05,9.986963578706742e-05,7.864439734406196e-05,6.738597382425056e-05,6.671761052302775e-05,0.00013643161722911182,6.913907657951273e-05,4.8102886177442606e-05,5.715803208975025e-05,4.4629986130667686e-05
OMC,-4.1410641737620796e-19,0.00010463695308173499,0.00016437566828044414,0.00011470494649152859,0.00012090217923678511,0.00012815904712747586,0.0001741811770345946,9.517325721112187e-05,0.0001437415529961275,0.00024775624299937693,6.676962768386505e-05,0.00031664621545930666,0.0001259897818413952,0.00014264149605180707,0.00013750581386722373,0.00014784364750578162,0.00013362482226422705,0.00014919636396896693,8.598205640852797e-05,0.00018095089838239973,0.00011586433919130505,0.00018998197225003169,8.632375503925155e-05,0.00019906045159368707,0.00013155291714543732,0.00018540357790524203,0.00015701452410545868,0.00014400405391509923,4.4394318318906155e-05,0.00011992951966833118,4.7448624684640994e-05,5.2164490570337856e-05,7.283043046345157e-05,0.0001072475330970051,0.00013322258992444662,7.067822503796297e-05,0.00013478797770299372,3.615029682477287e-05,9.824957975457852e-05,0.00011022226553730973,0.00015894640989831414,5.926209106425788e-05,5.638512239977863e-05,4.846087435106023e-05,7.193839122363418e-05,0.0002093723733154052,0.0001612230824260557,0.00012087076031406634,0.00010895513184620194,0.00014768632575418706,0.0001285978933723239,0.0001387163976301212,0.0001679538843382794,0.0001422455597864451,0.0001732007633148817,0.00016119190634225074,0.00018168570882721188,0.0001922231374492843,0.0001515325250580728,0.00014637266788672872,0.0002344563989939566,9.896651288748312e-05,0.00016304489141955692,0.00012186124717094039,0.00013941585914981503,0.00012723773701078317,8.173731720995544e-05,9.163583372538674e-05,0.00019604900590529796,0.00013096054344474448,8.839452471697963e-05,7.888756651532774e-05,5.704794139417371e-05
NYT,-7.700047690477673e-20,9.579274600545703e-05,0.00014231516891782662,0.00011588925371007213,0.00012008598804120091,0.00012510657082914005,0.00015179775660967965,0.00017063041879002912,0.00010821465815253092,0.00026410708942272977,5.160356388016377e-05,0.0001259897818413952,0.000350089658274592,0.00013839964169537093,0.00011695327493939813,0.00014544331293603175,0.00010293076332486604,0.00010652726697313157,6.443018197310753e-05,0.00020995892459894615,8.890871196906741e-05,0.000150930916794671,9.856632289831637e-05,0.00015406728876260159,0.00012111902590444255,0.00020488490935536828,0.0001299225237104391,0.00015416117950548368,2.2268027518654806e-05,0.00010450931081238311,2.6825796905127853e-05,2.6046776141553345e-05,6.771939362354162e-05,7.749106660632828e-05,0.00010682813206364953,4.966531327617289e-05,0.0001387518213440831,2.5457299843335315e-05,9.899866841533472e-05,8.831349708474551e-05,0.00013465358603880094,5.40827445170661e-05,3.011770140637309e-05,5.243067810920871e-05,6.181692126780051e-05,0.0001634045905612002,0.00011283129749039978,9.602956436487411e-05,9.295783687423975e-05,0.00011525477913951359,9.233225060162799e-05,0.00010185534510708885,0.00011832158356564986,0.00010838313891658098,0.00017972566284980588,0.00018561117404077685,0.00014741045416991267,0.00023472516673768743,0.00014586845083844316,0.00014154578418699065,0.00020557712191662198,0.00010092205809374801,0.0001144337806723647,0.00011824092508111042,0.00015496792811905594,0.00013865508678796327,8.010879399518598e-05,8.345884660868309e-05,0.0001523465233140303,0.00011056298682506688,9.35378664037565e-05,0.00010215977650856094,5.433981925198566e-05
FOXA,-8.19531854140004e-21,9.264669190861145e-05,0.00013556584009690486,0.00010235329739732484,0.00010630573831058981,0.00011336138383783944,0.00021697237120221654,0.00011929100838914575,0.00015709527038803667,0.00024353849522487544,6.018073559964989e-05,0.00014264149605180707,0.00013839964169537093,0.00029478157666604953,0.00010719029159293163,0.00014578980343949441,9.878719318351492e-05,0.00011733697130575725,7.264352052172706e-05,0.00019325265835010497,9.326637686826543e-05,0.00016262410690257825,8.520944726552365e-05,0.00015662429589777605,0.00010478471863013983,0.00017999221718178194,0.00012347389339940546,0.0001282579162538125,2.2156207268922206e-05,0.00011595978278199464,2.830262213544875e-05,3.254444639931488e-05,7.068671176451726e-05,7.719481233948377e-05,0.00010978507933292301,6.157622543491204e-05,0.00012846288067131078,2.8315462417453316e-05,8.917360148095381e-05,8.880613336548863e-05,0.00011355959468070339,5.1858042930605946e-05,4.2958666518011706e-05,3.953904253688284e-05,5.738693855404259e-05,0.00016263781284122516,0.00011163754910907223,9.702324948668908e-05,6.918169686683979e-05,0.00010998687608705551,9.766639337562948e-05,9.722562901782806e-05,0.0001363561065014136,9.582605348041481e-05,0.00014956634560541585,0.00013103807950804673,0.00014940302328041426,0.00019829692136873783,0.00012402467190803185,0.00011928505245753465,0.0001879678283986159,9.75554017162357e-05,0.00014347947900274772,0.0001220825639579344,0.0001404080869941112,0.00011024977801196813,6.27432098826644e-05,7.888204968050802e-05,0.0001672533465997499,0.00011335402535870935,9.69496707807266e-05,7.247879781744761e-05,3.6815329265150436e-05
CNK,-4.253660333019119e-19,0.00010920172865031004,0.0001951287861215152,0.0001349459187220113,0.0001441652302592071,0.00014817153030498761,0.00015711529310887323,0.0002211303201481758,0.00014032178355876028,0.00033143074773574687,6.284916705673191e-05,0.00013750581386722373,0.00011695327493939813,0.00010719029159293163,0.0007128240662684442,0.00020699375698661701,0.0001228001754613212,0.0001726382674038326,7.782354584954428e-05,0.00027388018863786553,9.6733561470792e-05,0.00020390625293566044,7.805820712118985e-05,0.00017881884738356533,0.00013870343174099295,0.0002712119642727077,0.00016268552081762682,0.0001751993341721571,2.47186866117055e-05,0.00010344846813784669,1.9402225864970768e-05,3.5311623522331675e-05,8.575473854653401e-05,6.507314157365118e-05,9.768709508751112e-05,6.025757685209955e-05,0.00014560690573991458,2.2241893340012312e-05,9.446939306878418e-05,0.00014610308142295382,0.000126705923409155,3.770637668479051e-05,1.9611747757002214e-05,1.8638270369172082e-05,6.895007666548948e-05,0.00018206402489861673,0.00015004040443145476,0.00015921008323063353,8.817984965099362e-05,0.00014550411142596646,9.998185156261055e-05,0.00013997558312853038,0.00014201431439228498,0.0001107351660191991,0.0002623320005223101,0.00024824492592516467,0.00020579790861483018,0.00034012640415572105,0.000155078394292915,0.0001769360712606675,0.00029059041333680507,0.00010766041940158659,0.00022126986841450644,0.00012398454395652134,0.0001844473693484009,0.0001395110194617461,8.23562420830713e-05,8.726447467223537e-05,0.0002205275866525797,0.00012602942178319715,0.00011671053469051204,9.741980271316358e-05,6.0784425157305174e-05
LYV,-3.667287659934853e-19,0.00014233458242368695,0.00023605636195946902,0.0001792136049803354,0.00018646484195018788,0.00018394693704427452,0.0001974234919444084,0.00024398149055560793,0.00017353709723132938,0.00036294312543499763,8.31718755073235e-05,0.00014784364750578162,0.00014544331293603175,0.00014578980343949441,0.00020699375698661701,0.00046657906663553016,0.00013727623040718897,0.00021876131437817712,8.160463702412617e-05,0.0003456696628753441,0.00012552608094888756,0.0002453707018616587,0.00012053266606034066,0.0002188589078945444,0.00015830823229834095,0.00028545054775081484,0.00020190459587765905,0.00020919016793139911,1.8602470434831575e-05,0.00014227886453729516,2.0728008048582358e-05,1.7675539823344313e-05,0.00010574946580112641,0.00010232552975592289,0.00012872933824494538,7.036240291722447e-05,0.00019291805974628787,1.9227473403778188e-05,0.00011264870195348406,0.0001286438222625768,0.0001786601296069538,6.398954863591319e-05,3.0616675752122654e-05,6.12153642041886e-05,9.655717368530865e-05,0.0002284694700617938,0.00016691729055267875,0.00017190952646668777,0.00010682351385954362,0.00016426674232545026,0.00011009090506543442,0.00014929580090248208,0.000184271338801769,0.00015451656408313312,0.00031271618374642833,0.00034472767423075035,0.00024443207270826854,0.0003582256937667429,0.00021770402998656958,0.00021699026909243637,0.000302881571299406,0.0001476642468476158,0.0002489098595144745,0.0001718449676726625,0.0002333937424530227,0.00018178687783182603,0.00010372396183686048,0.00011646419397700568,0.00026603735301268717,0.0001504151111339232,0.00017482280996892853,0.0001334529875276036,4.5292440301845174e-05
NVR,-1.557912231245375e-19,0.00011164955779591631,0.0001683160687031027,0.00012911321054867017,0.00013335865410861873,0.00011685975782176771,0.00013967739762294485,0.00012286989279240018,0.00015057059771337637,0.00026099604054945604,6.808128564629033e-05,0.00013362482226422705,0.00010293076332486604,9.878719318351492e-05,0.0001228001754613212,0.00013727623040718897,0.00031859422969951603,0.00012305424660981248,8.499372135131163e-05,0.00018734404593069855,0.00018029270280420104,0.0002564227573319095,0.00011221479760276288,0.000290093122553627,0.00014348194840046322,0.00024330111901300813,0.0002160184457193464,0.00020499997899121801,5.338876590574835e-05,0.00013640295111399563,5.284723135964194e-05,8.025858137525633e-05,7.183871891596078e-05,0.0001335178698487669,0.00016915390872578845,8.15240917063181e-05,0.00017618089878547412,3.59301668812848e-05,0.00014761598672956514,0.00011310342820883958,0.00021136378670828608,8.526784126712235e-05,4.858640957896568e-05,7.436783430306937e-05,9.43101844383638e-05,0.00021035533681874153,0.00020651972445070998,0.00014949948571210418,0.00011692008736179778,0.00016842483965559885,0.0001333047275397728,0.0001832648331909547,0.0001565065122586713,0.00016796253963998256,0.00019738186844573825,0.00021120729903358943,0.00018081214045305186,0.00023260047466797858,0.00017900024550947027,0.00015349930969304226,0.00025306214859989554,0.0001181095692000296,0.00021954661457099434,0.00013920941531546944,0.00012923864460530284,0.00016180136377026778,9.604513464917394e-05,9.312488698576038e-05,0.00020322250816809484,0.00012505766752965452,8.215310905468599e-05,6.578813232832218e-05,8.534631184391585e-05
BKNG,-4.0824331897487687e-19,0.00013802586212137,0.0002441419094699026,0.00017191663803982043,0.0001789570174343423,0.00014768460138153567,0.00014752818286219315,0.0002129063087942547,0.00010279611133677136,0.0003486968142500619,6.925075684747194e-05,0.00014919636396896693,0.00010652726697313157,0.00011733697130575725,0.0001726382674038326,0.00021876131437817712,0.00012305424660981248,0.00040220263050601946,8.341437499052419e-05,0.00029939435214432317,0.00011303061303630639,0.00021427438123560822,0.00010993167971796425,0.00019803563095239422,0.00014236237268917777,0.0002459355656523312,0.0002279701338740972,0.00021292911972288186,3.071797038858968e-05,0.00012042430003500771,2.337000098575176e-05,3.72797407820732e-05,9.608050069749535e-05,9.922532003697704e-05,0.00011859424441245559,5.78349439110068e-05,0.00015608998688438304,2.6094965850353487e-05,0.00012871378606452345,0.00010924720536039029,0.00016912278414574759,4.599343019087676e-05,3.234669515026553e-05,6.759531074321464e-05,8.314152324372224e-05,0.00022471999079831835,0.00016046251302318678,0.000137350688034111,9.787828156259945e-05,0.00014641440657873946,0.00011591895109936498,0.00012976578012327734,0.00019060301081735617,0.0001469068801742484,0.00031456590402575545,0.0003033250423606506,0.0002553600211817188,0.00034307280738115893,0.0001930493099959481,0.00021045894680496403,0.00031569315655457126,0.00013809428888960287,0.00019845463845411066,0.00016053585101599645,0.00016649546792955156,0.00014773237202550602,0.00010040035961802893,0.00010062860722725074,0.0002762982232194975,0.00015555807750046915,0.0001756037466990125,0.00016476798309529608,2.4886195135709463e-05
HRB,1.4879991181210524e-20,6.919842700818003e-05,8.002213474250619e-05,6.944771296838668e-05,7.112849112780687e-05,8.986404558681571e-05,9.359561359442036e-05,5.6352019707821806e-05,8.262285170297388e-05,0.0001604283787216424,7.320501391619465e-05,8.598205640852797e-05,6.443018197310753e-05,7.264352052172706e-05,7.782354584954428e-05,8.160463702412617e-05,8.499372135131163e-05,8.341437499052419e-05,0.0003700999229004373,0.00010334553876084276,8.442618080446142e-05,0.00011367625055481641,7.27813648932423e-05,0.00010543945073435964,8.456195592164529e-05,0.00012629285511601488,7.374984651885043e-05,9.250419160377032e-05,5.7439931258355623e-05,8.823482225490732e-05,5.527258219232287e-05,5.5679475402090144e-05,6.0918334189470146e-05,7.35284732431834e-05,9.11989707293902e-05,7.141005144677763e-05,0.00011020227274835285,5.191467600764035e-05,6.95369151424766e-05,8.294218786700172e-05,0.0001089085349241329,6.013449377615146e-05,4.456861045896426e-05,4.156726688001737e-05,7.807447138993667e-05,0.00010460335430824952,0.00010296596215891156,7.185516011006867e-05,8.595909168681147e-05,9.598820490563225e-05,9.35399908185865e-05,9.765302666204835e-05,9.961347534042586e-05,8.944807534390074e-05,9.25143885136137e-05,0.00010945337062024974,8.405447348473836e-05,7.049383359646055e-05,8.037845808783071e-05,8.925619795151269e-05,9.257407402246288e-05,4.958202255568585e-05,5.094874488665369e-05,7.314360800526212e-05,0.00010736426725662228,8.60463538781987e-05,7.558585057061278e-05,8.403658424958935e-05,9.666191198058632e-05,5.2797306503834665e-05,4.3420100274446814e-05,5.674171358092974e-05,6.481975455515389e-05
TSLA,-4.379427673030255e-19,0.00025624463064571196,0.00046978709282298145,0.00034799398629436297,0.00036955308085995226,0.0002316327815343155,0.0002644644087693528,0.00041106940211516735,0.0002649998676859099,0.000649582704931517,0.000114454101715023,0.00018095089838239973,0.00020995892459894615,0.00019325265835010497,0.00027388018863786553,0.0003456696628753441,0.00018734404593069855,0.00029939435214432317,0.00010334553876084276,0.0015221547025307792,0.00017727682593840326,0.0003557958221467814,0.00018220813795976495,0.0003216826599303948,0.00022230388743494349,0.0005726574742321778,0.0003627760812159896,0.00032326934641109994,-1.208377515528963e-05,0.00019673373574682256,4.083935594993799e-06,6.169537030387018e-05,0.0001674582645551193,9.167161953548981e-05,0.00018486177811526442,0.00010816733307773745,0.00025530262453326837,5.5214163184656906e-06,0.0001589377631670607,0.00013805506301716822,0.0003366276237413735,7.8906750498501e-05,1.0244531913470086e-05,9.714239024018824e-05,0.00011350145645126083,0.00034479565280859126,0.00025851026475783517,0.00032849679856005636,0.00015360640526885765,0.000258207668946705,0.00017616174293281706,0.0002631689109784068,0.0003023200075971099,0.00023060323956463887,0.0006223080863572774,0.0005617369810439527,0.00046687056511310907,0.0008075403160497642,0.00033588412787090137,0.00038234460144439164,0.000668333930411271,0.00021658573940901344,0.0004473721512266784,0.00036026950822062664,0.00035329952162863764,0.0002797239351660386,0.00014915789609737487,0.00015518982262911283,0.0005228862753873381,0.00026238833448435575,0.0003453497223460979,0.00032232005903757004,5.102687706594853e-05
HD,-1.254795113164884e-19,0.0001075042724031542,0.00015211750815561818,0.0001228086975672471,0.00012505027266642262,0.0001020966428824073,0.00012102450281243488,0.00011566335895377714,0.0001464006621457209,0.00022774104340627714,5.965924500727489e-05,0.00011586433919130505,8.890871196906741e-05,9.326637686826543e-05,9.6733561470792e-05,0.00012552608094888756,0.00018029270280420104,0.00011303061303630639,8.442618080446142e-05,0.00017727682593840326,0.00024306537990334228,0.00024513117788422823,0.00010598982838722243,0.0002362294547374171,0.00013555380901486067,0.0002448245710379933,0.00017523729338506024,0.00017236172862470983,5.596070229631162e-05,0.0001153243309529283,5.283814682909225e-05,7.240775021105722e-05,5.824323128523745e-05,0.00011825578099307006,0.00014286738716199748,7.895094492459131e-05,0.00016097141569664623,2.8530236948349813e-05,0.00012149382754747568,9.335968046798027e-05,0.0001604888465428937,7.114018289560095e-05,4.8740282364335165e-05,7.113260581231643e-05,8.450143890958712e-05,0.0001853489905429976,0.0001843443682291235,0.0001338692254190268,0.00011361459559052487,0.0001517190049911248,0.00012531483184026105,0.0001559539041085967,0.00014937389436225597,0.000144226289196435,0.00017354892384014372,0.00017206488785624462,0.00016774560162693158,0.00021839925188160618,0.0001509044695431993,0.00013601550125688793,0.0002065770296787061,0.00010080729387061985,0.00019577553807171766,0.00012727405971559193,0.00012796043078177878,0.0001459317454817135,9.148302940079852e-05,9.646503314966516e-05,0.00017864542365795077,0.0001253613077463137,0.00010304862771506971,0.00011196395331834085,8.119425234765716e-05
WSM,-5.828030843904373e-20,0.00018133418514150739,0.0003228682048484022,0.0002227850047022432,0.0002295961560167886,0.00020152289260184998,0.00022556692720625393,0.00025556192205957427,0.00019597609920913434,0.0004864146828903085,8.055465879493473e-05,0.00018998197225003169,0.000150930916794671,0.00016262410690257825,0.00020390625293566044,0.0002453707018616587,0.0002564227573319095,0.00021427438123560822,0.00011367625055481641,0.0003557958221467814,0.00024513117788422823,0.000856289896178364,0.00015417950038675715,0.00036181759642645223,0.00024815630740379635,0.0004293698604550344,0.000343380428315277,0.0003541267211870694,2.4928855810256188e-05,0.0001700433006597949,4.261818372593097e-05,7.658841394972585e-05,9.670575070915129e-05,0.0001469201265326939,0.0002281267409941451,0.00012272879109515467,0.0002574132554714021,2.3543145538976905e-05,0.00017953221378887957,0.0001613958893357633,0.000291040643981855,6.888957104621743e-05,6.076770969352662e-05,9.161962080582559e-05,8.480367176080099e-05,0.0003240241906232016,0.00029801238433776377,0.0002373375387271404,0.00016174546822584024,0.0002409542978683929,0.0001820016501506538,0.00026005232167926876,0.0002586085998272461,0.00023476721669093945,0.00038163250787745913,0.0003587000073496937,0.00035166192358245863,0.0004046075051489725,0.00025906130013891816,0.0002581731734272385,0.000447756104419731,0.00017767319532483532,0.00039432625199409374,0.00022238794887023336,0.00022697687321894305,0.00019388587770721735,0.00011719259040375255,0.00012192532971843692,0.00037871289780532836,0.00024429884595575206,0.0002589164990994168,0.00025066169078351086,5.696254240425935e-05
DPZ,4.325446974478339e-20,9.11092977888793e-05,0.0001382284909508224,0.00010804559795224113,0.00011111742324830347,9.833768426584789e-05,9.991027059151358e-05,0.00014078451637734065,0.00011367435346146246,0.0002120714053595859,5.28531470258111e-05,8.632375503925155e-05,9.856632289831637e-05,8.520944726552365e-05,7.805820712118985e-05,0.00012053266606034066,0.00011221479760276288,0.00010993167971796425,7.27813648932423e-05,0.00018220813795976495,0.00010598982838722243,0.00015417950038675715,0.0003681414571291957,0.00014938658372319163,0.0001131216071701851,0.0002211573373088371,0.00014021714916190686,0.0001396209083112042,4.284754572727987e-05,0.0001043196279996675,3.407464016288089e-05,6.119684543949741e-05,8.831625681503057e-05,8.842990160206749e-05,0.0001267187459934516,5.822285251723308e-05,0.000147477285623336,3.95940127427151e-05,9.767615309724352e-05,0.0001004522266829193,0.00016546356101428375,6.41594478546561e-05,5.3616956246194115e-05,6.66741709133736e-05,7.989797870853495e-05,0.0001525889093669371,0.00012671836760883717,0.00011497324415670418,7.579903626004545e-05,0.00011265143469524252,8.798815979380609e-05,0.00011929548722369198,0.00012044487069881052,0.00011338482061827555,0.0001596573321635138,0.00019490691192035236,0.00014775539644613236,0.0002202523139046546,0.000142121354849875,0.00014415826781958064,0.0002015590971158338,9.572192965049072e-05,0.00014581146359465808,0.00010323649671418348,0.00012766806839764047,0.00012469058464076508,9.067751643175958e-05,8.439475864602604e-05,0.0001643395701620358,0.0001044808723115719,0.0001266940525445347,9.45240281397206e-05,5.426668318543776e-05
CVCO,-2.0591178946200659e-19,0.00015898057299708953,0.0002553755481722392,0.00018648272522553964,0.00019323424689814315,0.00019280073879931944,0.00022728841870785674,0.00020112010937004755,0.00021655160427217428,0.000401808115086978,9.057638269977575e-05,0.00019906045159368707,0.00015406728876260159,0.00015662429589777605,0.00017881884738356533,0.0002188589078945444,0.000290093122553627,0.00019803563095239422,0.00010543945073435964,0.0003216826599303948,0.0002362294547374171,0.00036181759642645223,0.00014938658372319163,0.0006452119944011199,0.00018972594637680975,0.00038945780849159817,0.0002644524327242447,0.00028622298726631204,4.0962146124264366e-05,0.00020498706619531923,5.680581351070919e-05,8.238399545706434e-05,0.00011125938256176951,0.00015476600609798483,0.00024812209762251465,9.066791555524134e-05,0.0002631288466144096,3.060997134903613e-05,0.0001855196950187687,0.0001767001535702655,0.0002803967901240914,0.00010089609553883661,5.3830051963640637e-05,6.407610874995621e-05,0.00011086222013611067,0.00031436095611340456,0.00026932863281629025,0.0002534662605751289,0.0001512500710968192,0.00025575013439927335,0.0001789726882102529,0.00024207194655654672,0.00023537967609530363,0.00023228120004501553,0.00029086163803070456,0.00032055262104874335,0.0002805812707289184,0.00034891096542779957,0.0002449324868970712,0.00023001732131236357,0.00039352951202212716,0.000199009809283675,0.0003165906270272907,0.00018487876044236666,0.00018415053143960915,0.00024325472715413396,0.00011303412586937737,0.00013315752666991508,0.00030170703127801963,0.00019791742853696948,0.0001508420547186837,0.00014520351063184217,0.00011071488722743517
